Compiling RxODE differential equations...done.
PKG_CXXFLAGS=-Ic:/R/nlmixr/R/library/nlmixr/include -Ic:/R/nlmixr/R/library/STANHE~1/include -Ic:/R/nlmixr/R/library/Rcpp/include -Ic:/R/nlmixr/R/library/RCPPAR~1/include -Ic:/R/nlmixr/R/library/RCPPEI~1/include -Ic:/R/nlmixr/R/library/BH/include
PKG_LIBS= $(BLAS_LIBS) $(LAPACK_LIBS)
C:/R/nlmixr/rtools/mingw_64/bin/g++  -I"c:/R/nlmixr/R/include" -DNDEBUG       -Ic:/R/nlmixr/R/library/nlmixr/include -Ic:/R/nlmixr/R/library/STANHE~1/include -Ic:/R/nlmixr/R/library/Rcpp/include -Ic:/R/nlmixr/R/library/RCPPAR~1/include -Ic:/R/nlmixr/R/library/RCPPEI~1/include -Ic:/R/nlmixr/R/library/BH/include   -O2 -Wall  -mtune=generic -c saem65ac12676caax64.cpp -o saem65ac12676caax64.o
C:/R/nlmixr/rtools/mingw_64/bin/g++ -shared -s -static-libgcc -o saem65ac12676caax64.dll tmp.def saem65ac12676caax64.o -Lc:/R/nlmixr/R/bin/x64 -lRblas -Lc:/R/nlmixr/R/bin/x64 -lRlapack -Lc:/R/nlmixr/R/bin/x64 -lR
done.
1:    0.1503  -3.3314  -0.6447   0.9500   1.9000   0.9500   9.6167
2:    0.5210  -3.5986  -0.5154   0.9025   1.8050   0.9025   4.2880
3:    0.7840  -3.5040  -0.6070   0.8574   1.7147   0.8574   2.1258
4:    0.7443  -3.5709  -0.6013   0.8145   1.6290   0.8145   1.6372
5:    0.7456  -3.4892  -0.6517   0.7738   1.5476   0.7738   1.3023
6:    0.6458  -3.3687  -0.6562   0.7351   1.4702   0.7351   1.0639
7:    0.5805  -3.3756  -0.7060   0.6983   1.3967   0.6983   0.9047
8:    0.5595  -3.3715  -0.7006   0.6634   1.3268   0.6634   0.7824
9:    0.5180  -3.2997  -0.7316   0.6302   1.2605   0.6302   0.7020
10:    0.5184  -3.2621  -0.7386   0.5987   1.1975   0.5987   0.6507
11:    0.5249  -3.2249  -0.7623   0.5688   1.1376   0.5688   0.6209
12:    0.4613  -3.2204  -0.7719   0.5404   1.0807   0.5404   0.5808
13:    0.4178  -3.2325  -0.7761   0.5133   1.0267   0.5133   0.5853
14:    0.4764  -3.2531  -0.7812   0.4877   0.9753   0.4877   0.5782
15:    0.4811  -3.2682  -0.7661   0.4633   0.9266   0.4633   0.5303
16:    0.4795  -3.2479  -0.7620   0.4401   0.8803   0.4401   0.5308
17:    0.5052  -3.2229  -0.7587   0.5265   0.8362   0.4181   0.5252
18:    0.4857  -3.2234  -0.7768   0.5002   0.7944   0.3972   0.5374
19:    0.4551  -3.2276  -0.7754   0.4752   0.7547   0.3774   0.5532
20:    0.5067  -3.2418  -0.7747   0.4695   0.7170   0.3585   0.5388
21:    0.4745  -3.2245  -0.7598   0.4460   0.6811   0.3406   0.5138
22:    0.4374  -3.2174  -0.7692   0.4267   0.6471   0.3235   0.5250
23:    0.5238  -3.2231  -0.7661   0.4054   0.6147   0.3074   0.5189
24:    0.4829  -3.2214  -0.7568   0.3851   0.5840   0.2920   0.5169
25:    0.4858  -3.2452  -0.7558   0.3696   0.5548   0.2774   0.5180
26:    0.4880  -3.2216  -0.7677   0.4469   0.5270   0.2635   0.4936
27:    0.4693  -3.2078  -0.7853   0.4367   0.5007   0.2503   0.4763
28:    0.4632  -3.2212  -0.7698   0.4583   0.4757   0.2378   0.4784
29:    0.5234  -3.2244  -0.7627   0.4354   0.4519   0.2259   0.5139
30:    0.4770  -3.2235  -0.7654   0.4136   0.4293   0.2146   0.5099
31:    0.4379  -3.2351  -0.7646   0.3929   0.4078   0.2039   0.5375
32:    0.4554  -3.2730  -0.7617   0.3733   0.3874   0.1937   0.5151
33:    0.4698  -3.2581  -0.7313   0.3901   0.3681   0.1840   0.5178
34:    0.5336  -3.2232  -0.7387   0.4147   0.3496   0.1748   0.4778
35:    0.4903  -3.2159  -0.7617   0.4142   0.3322   0.1661   0.4884
36:    0.4978  -3.2288  -0.7660   0.3935   0.3156   0.1578   0.5106
37:    0.4834  -3.2280  -0.7650   0.4221   0.2998   0.1499   0.5194
38:    0.5211  -3.2276  -0.7662   0.5188   0.2848   0.1424   0.4971
39:    0.5214  -3.2289  -0.7592   0.5244   0.2706   0.1353   0.4710
40:    0.4944  -3.2253  -0.7698   0.4982   0.2570   0.1285   0.5104
41:    0.4403  -3.2068  -0.7795   0.4733   0.2442   0.1221   0.5061
42:    0.4602  -3.2081  -0.7844   0.4694   0.2320   0.1160   0.4800
43:    0.4507  -3.2211  -0.7914   0.4460   0.2204   0.1102   0.4835
44:    0.4182  -3.2084  -0.7965   0.4237   0.2093   0.1047   0.4712
45:    0.4321  -3.1911  -0.7909   0.4248   0.1989   0.0994   0.4652
46:    0.4657  -3.2122  -0.7802   0.4116   0.1889   0.0945   0.4707
47:    0.5031  -3.2165  -0.7683   0.4054   0.1795   0.0897   0.4759
48:    0.5120  -3.2388  -0.7672   0.4565   0.1705   0.0853   0.4908
49:    0.4667  -3.2370  -0.7694   0.4337   0.1620   0.0810   0.4750
50:    0.5006  -3.2465  -0.7656   0.4693   0.1539   0.0769   0.4878
51:    0.4981  -3.2382  -0.7637   0.4748   0.1462   0.0731   0.4829
52:    0.5486  -3.2439  -0.7513   0.4818   0.1389   0.0694   0.4766
53:    0.4836  -3.2527  -0.7710   0.4577   0.1319   0.0660   0.4853
54:    0.4434  -3.2411  -0.7763   0.4348   0.1253   0.0627   0.5159
55:    0.4422  -3.2395  -0.7739   0.4131   0.1191   0.0595   0.5235
56:    0.4615  -3.2366  -0.7760   0.3924   0.1131   0.0566   0.5437
57:    0.4633  -3.2233  -0.7617   0.4056   0.1075   0.0537   0.5335
58:    0.4356  -3.2198  -0.8008   0.4590   0.1021   0.0510   0.5140
59:    0.4414  -3.2382  -0.7870   0.4809   0.0970   0.0485   0.4910
60:    0.4983  -3.2587  -0.7788   0.5204   0.0921   0.0461   0.5100
61:    0.5079  -3.2267  -0.7708   0.5549   0.0875   0.0438   0.5092
62:    0.4850  -3.2097  -0.7682   0.5271   0.0832   0.0416   0.5281
63:    0.5055  -3.2345  -0.7636   0.5008   0.0797   0.0395   0.5010
64:    0.5062  -3.2268  -0.7642   0.4757   0.0772   0.0375   0.4916
65:    0.4736  -3.2449  -0.7809   0.4788   0.0776   0.0356   0.4936
66:    0.4701  -3.2253  -0.7704   0.4548   0.0741   0.0339   0.4769
67:    0.4773  -3.2478  -0.7698   0.4504   0.0704   0.0322   0.5004
68:    0.4122  -3.2330  -0.7818   0.4278   0.0710   0.0306   0.4929
69:    0.4427  -3.2252  -0.7917   0.4473   0.0718   0.0290   0.4714
70:    0.4489  -3.2173  -0.7846   0.4536   0.0682   0.0276   0.4894
71:    0.4492  -3.1930  -0.7907   0.4309   0.0648   0.0262   0.5245
72:    0.4692  -3.2315  -0.7638   0.4094   0.0643   0.0249   0.4807
73:    0.4680  -3.2328  -0.7531   0.3889   0.0612   0.0236   0.4935
74:    0.4773  -3.2404  -0.7692   0.3695   0.0649   0.0225   0.4763
75:    0.4871  -3.2379  -0.7504   0.4019   0.0803   0.0213   0.4702
76:    0.4707  -3.2346  -0.7449   0.3818   0.0780   0.0203   0.4984
77:    0.5084  -3.2478  -0.7555   0.3730   0.0741   0.0193   0.5132
78:    0.4654  -3.2351  -0.7642   0.3861   0.0704   0.0183   0.4739
79:    0.4998  -3.2267  -0.7673   0.4460   0.0730   0.0174   0.4899
80:    0.4696  -3.2425  -0.7712   0.5122   0.0763   0.0175   0.5098
81:    0.4843  -3.2316  -0.7660   0.4866   0.0725   0.0214   0.4777
82:    0.5077  -3.2384  -0.7578   0.4648   0.0689   0.0219   0.4999
83:    0.4731  -3.2173  -0.7584   0.4416   0.0674   0.0208   0.4837
84:    0.4601  -3.2136  -0.7737   0.4195   0.0700   0.0221   0.4605
85:    0.4545  -3.2093  -0.7686   0.4536   0.0665   0.0210   0.4696
86:    0.4683  -3.2165  -0.7666   0.4309   0.0707   0.0201   0.4472
87:    0.4929  -3.2211  -0.7695   0.4094   0.0672   0.0191   0.4800
88:    0.3979  -3.2167  -0.7786   0.3999   0.0641   0.0210   0.5124
89:    0.4636  -3.2109  -0.7839   0.3799   0.0609   0.0237   0.5126
90:    0.4452  -3.2199  -0.7877   0.4156   0.0579   0.0227   0.5079
91:    0.4387  -3.2237  -0.8010   0.4852   0.0612   0.0215   0.5085
92:    0.4578  -3.2035  -0.7975   0.5209   0.0602   0.0251   0.4838
93:    0.4091  -3.2164  -0.7949   0.4949   0.0660   0.0238   0.4991
94:    0.4381  -3.2281  -0.7941   0.4701   0.0808   0.0226   0.4995
95:    0.4561  -3.2239  -0.7776   0.4876   0.0768   0.0215   0.4626
96:    0.4297  -3.2213  -0.7848   0.4699   0.0730   0.0204   0.4696
97:    0.4522  -3.1913  -0.7914   0.4464   0.0693   0.0198   0.4897
98:    0.4269  -3.1852  -0.7965   0.4241   0.0766   0.0188   0.4755
99:    0.3832  -3.2107  -0.8214   0.4892   0.0728   0.0179   0.4676
100:    0.3795  -3.1988  -0.8150   0.4794   0.0694   0.0170   0.4681
101:    0.3764  -3.2195  -0.8269   0.4748   0.0745   0.0161   0.4750
102:    0.3551  -3.2057  -0.8296   0.4590   0.0789   0.0168   0.4827
103:    0.3901  -3.2149  -0.8059   0.4360   0.0750   0.0183   0.4627
104:    0.3980  -3.2074  -0.7940   0.4424   0.0712   0.0188   0.5012
105:    0.4308  -3.2288  -0.8019   0.4387   0.0788   0.0178   0.5170
106:    0.4508  -3.2367  -0.7875   0.4168   0.0823   0.0172   0.4806
107:    0.4599  -3.2164  -0.7904   0.4854   0.0947   0.0186   0.4740
108:    0.4518  -3.2122  -0.7899   0.4611   0.0900   0.0180   0.4968
109:    0.4360  -3.2181  -0.7732   0.4381   0.0909   0.0171   0.4816
110:    0.4683  -3.2311  -0.7812   0.4556   0.0863   0.0164   0.4517
111:    0.4720  -3.2375  -0.7752   0.4402   0.0888   0.0156   0.4332
112:    0.4631  -3.2455  -0.7861   0.4903   0.0859   0.0148   0.4649
113:    0.4281  -3.2049  -0.7838   0.4727   0.0816   0.0141   0.4591
114:    0.4444  -3.1937  -0.7884   0.4491   0.0892   0.0134   0.4500
115:    0.4484  -3.2092  -0.7925   0.4266   0.0992   0.0143   0.4654
116:    0.4832  -3.2010  -0.7819   0.4459   0.0943   0.0146   0.4675
117:    0.4259  -3.1764  -0.7889   0.4236   0.0901   0.0139   0.4712
118:    0.4332  -3.2102  -0.7964   0.4304   0.0899   0.0132   0.4789
119:    0.4760  -3.2117  -0.7837   0.4988   0.0963   0.0178   0.4917
120:    0.4555  -3.2402  -0.7770   0.4868   0.0915   0.0181   0.5002
121:    0.4616  -3.2049  -0.7899   0.4624   0.0869   0.0196   0.4825
122:    0.4634  -3.2216  -0.7802   0.4393   0.0826   0.0186   0.4629
123:    0.4595  -3.2105  -0.7835   0.4173   0.0785   0.0191   0.4800
124:    0.4429  -3.1737  -0.7996   0.4703   0.0745   0.0181   0.4651
125:    0.4352  -3.1814  -0.8102   0.4468   0.0830   0.0172   0.4559
126:    0.4268  -3.1749  -0.8120   0.4520   0.0903   0.0164   0.4576
127:    0.4419  -3.1863  -0.8083   0.4294   0.0918   0.0156   0.4938
128:    0.4279  -3.1975  -0.7974   0.4846   0.0872   0.0150   0.4605
129:    0.4644  -3.2041  -0.7926   0.5489   0.0924   0.0152   0.4749
130:    0.4642  -3.2019  -0.7950   0.5214   0.0878   0.0156   0.4680
131:    0.4778  -3.2317  -0.8072   0.4974   0.0876   0.0166   0.4796
132:    0.4162  -3.2192  -0.8088   0.4725   0.0890   0.0158   0.4904
133:    0.4189  -3.2154  -0.8035   0.4489   0.0845   0.0169   0.4832
134:    0.4288  -3.2381  -0.7793   0.4264   0.0803   0.0205   0.4798
135:    0.4272  -3.2361  -0.7873   0.4051   0.0763   0.0228   0.4639
136:    0.4641  -3.2427  -0.7722   0.4086   0.0725   0.0216   0.4591
137:    0.4935  -3.2511  -0.7715   0.3962   0.0688   0.0216   0.5080
138:    0.4625  -3.2137  -0.7746   0.3947   0.0654   0.0217   0.4795
139:    0.4687  -3.2034  -0.7747   0.4086   0.0655   0.0219   0.4963
140:    0.4472  -3.1933  -0.7769   0.4586   0.0622   0.0208   0.5064
141:    0.4348  -3.2066  -0.7727   0.4357   0.0651   0.0226   0.4835
142:    0.4759  -3.2305  -0.7649   0.4139   0.0778   0.0228   0.4809
143:    0.4549  -3.2069  -0.7800   0.4259   0.0811   0.0230   0.4763
144:    0.4941  -3.2304  -0.7741   0.4047   0.0771   0.0219   0.4759
145:    0.4559  -3.2137  -0.7908   0.4238   0.0732   0.0208   0.4490
146:    0.4237  -3.1879  -0.7844   0.4342   0.0696   0.0230   0.4716
147:    0.4100  -3.2149  -0.7962   0.4125   0.0711   0.0218   0.4550
148:    0.4002  -3.1967  -0.7922   0.4061   0.0675   0.0208   0.4614
149:    0.4085  -3.2216  -0.7911   0.3858   0.0668   0.0227   0.4835
150:    0.4300  -3.2211  -0.7966   0.4098   0.0661   0.0216   0.4894
151:    0.3982  -3.2107  -0.7989   0.4112   0.0628   0.0205   0.4720
152:    0.4197  -3.2034  -0.7929   0.4322   0.0641   0.0172   0.4552
153:    0.4084  -3.1927  -0.7863   0.4141   0.0688   0.0211   0.4708
154:    0.4622  -3.1963  -0.7776   0.4222   0.0636   0.0264   0.4734
155:    0.4667  -3.2387  -0.7746   0.4654   0.0573   0.0313   0.4824
156:    0.4866  -3.2205  -0.7664   0.4141   0.0626   0.0336   0.4998
157:    0.4335  -3.2233  -0.7851   0.4308   0.0515   0.0319   0.5041
158:    0.4296  -3.2018  -0.8036   0.4578   0.0441   0.0291   0.4760
159:    0.3977  -3.1985  -0.7959   0.3745   0.0541   0.0272   0.5043
160:    0.4797  -3.2297  -0.7752   0.4772   0.0563   0.0250   0.4744
161:    0.4854  -3.2081  -0.7824   0.4769   0.0449   0.0270   0.4755
162:    0.4632  -3.2078  -0.7827   0.4839   0.0450   0.0298   0.4947
163:    0.5093  -3.2229  -0.7776   0.5103   0.0388   0.0260   0.4858
164:    0.4974  -3.2112  -0.7769   0.4872   0.0495   0.0262   0.4758
165:    0.4981  -3.2058  -0.7668   0.4180   0.0555   0.0213   0.5042
166:    0.4999  -3.1978  -0.7679   0.4458   0.0507   0.0205   0.4753
167:    0.5030  -3.1973  -0.7687   0.4823   0.0542   0.0229   0.4852
168:    0.4714  -3.1923  -0.7783   0.4474   0.0558   0.0227   0.4590
169:    0.4545  -3.1674  -0.7937   0.4178   0.0597   0.0197   0.4809
170:    0.4529  -3.2044  -0.7913   0.3996   0.0538   0.0186   0.4760
171:    0.4285  -3.2021  -0.7942   0.3776   0.0589   0.0184   0.4579
172:    0.4116  -3.1850  -0.7893   0.3841   0.0567   0.0207   0.4460
173:    0.4017  -3.1864  -0.8047   0.3758   0.0637   0.0233   0.4550
174:    0.4404  -3.1978  -0.7868   0.3596   0.0574   0.0221   0.4862
175:    0.4405  -3.2065  -0.7929   0.4012   0.0700   0.0210   0.4847
176:    0.4260  -3.1898  -0.7754   0.3926   0.0699   0.0194   0.4671
177:    0.4768  -3.2076  -0.7625   0.4717   0.0719   0.0201   0.4647
178:    0.4817  -3.2481  -0.7604   0.4196   0.0799   0.0207   0.4685
179:    0.5002  -3.2283  -0.7698   0.4115   0.0810   0.0194   0.4763
180:    0.4700  -3.2347  -0.7672   0.3301   0.0800   0.0207   0.4851
181:    0.4658  -3.2222  -0.7983   0.3796   0.0761   0.0174   0.4835
182:    0.4060  -3.2173  -0.8007   0.3612   0.0994   0.0138   0.4874
183:    0.4227  -3.1927  -0.7971   0.3818   0.0922   0.0127   0.4984
184:    0.4551  -3.2161  -0.7940   0.4637   0.0875   0.0123   0.4782
185:    0.4358  -3.2004  -0.7944   0.4297   0.0841   0.0130   0.4713
186:    0.4358  -3.1887  -0.7951   0.4231   0.0856   0.0155   0.4750
187:    0.4843  -3.2247  -0.7776   0.4661   0.0672   0.0182   0.4673
188:    0.4649  -3.2121  -0.7764   0.5266   0.0706   0.0175   0.4849
189:    0.4609  -3.2067  -0.7709   0.4802   0.0691   0.0162   0.4735
190:    0.4742  -3.2140  -0.7708   0.3866   0.0673   0.0161   0.4573
191:    0.4271  -3.2039  -0.7845   0.4162   0.0675   0.0164   0.4459
192:    0.4465  -3.1950  -0.7888   0.4046   0.0714   0.0157   0.4737
193:    0.4548  -3.2040  -0.7843   0.4321   0.0678   0.0216   0.4420
194:    0.4529  -3.2222  -0.7930   0.4251   0.0600   0.0179   0.4564
195:    0.3995  -3.2187  -0.7916   0.4246   0.0535   0.0185   0.4648
196:    0.4490  -3.2191  -0.7842   0.4577   0.0696   0.0191   0.4653
197:    0.3951  -3.2044  -0.7814   0.4099   0.0547   0.0217   0.5000
198:    0.4767  -3.2122  -0.7918   0.5149   0.0650   0.0209   0.4603
199:    0.4415  -3.2167  -0.7954   0.4344   0.0711   0.0159   0.4826
200:    0.4454  -3.2202  -0.7839   0.4321   0.0783   0.0174   0.5022
201:    0.4353  -3.2246  -0.7810   0.4099   0.0776   0.0170   0.4872
202:    0.4319  -3.2228  -0.7822   0.4068   0.0769   0.0179   0.4847
203:    0.4479  -3.2216  -0.7843   0.4204   0.0765   0.0182   0.4826
204:    0.4510  -3.2266  -0.7830   0.4219   0.0745   0.0184   0.4823
205:    0.4448  -3.2214  -0.7846   0.4157   0.0757   0.0189   0.4823
206:    0.4470  -3.2165  -0.7837   0.4186   0.0763   0.0183   0.4861
207:    0.4433  -3.2167  -0.7837   0.4086   0.0754   0.0180   0.4853
208:    0.4422  -3.2167  -0.7827   0.3951   0.0745   0.0180   0.4837
209:    0.4463  -3.2196  -0.7823   0.4001   0.0740   0.0182   0.4843
210:    0.4487  -3.2209  -0.7814   0.4020   0.0731   0.0180   0.4859
211:    0.4542  -3.2198  -0.7801   0.4055   0.0737   0.0177   0.4847
212:    0.4588  -3.2209  -0.7791   0.4102   0.0739   0.0174   0.4844
213:    0.4602  -3.2242  -0.7780   0.4094   0.0750   0.0174   0.4846
214:    0.4633  -3.2249  -0.7777   0.4126   0.0760   0.0176   0.4843
215:    0.4627  -3.2248  -0.7774   0.4123   0.0759   0.0179   0.4837
216:    0.4662  -3.2261  -0.7774   0.4197   0.0751   0.0179   0.4846
217:    0.4673  -3.2247  -0.7772   0.4219   0.0745   0.0179   0.4839
218:    0.4689  -3.2231  -0.7778   0.4245   0.0738   0.0181   0.4834
219:    0.4690  -3.2233  -0.7783   0.4270   0.0727   0.0184   0.4827
220:    0.4667  -3.2223  -0.7788   0.4255   0.0722   0.0188   0.4820
221:    0.4654  -3.2220  -0.7792   0.4222   0.0715   0.0190   0.4822
222:    0.4654  -3.2211  -0.7798   0.4234   0.0712   0.0191   0.4820
223:    0.4662  -3.2210  -0.7799   0.4251   0.0706   0.0194   0.4814
224:    0.4676  -3.2202  -0.7800   0.4260   0.0707   0.0195   0.4813
225:    0.4674  -3.2212  -0.7796   0.4274   0.0704   0.0197   0.4821
226:    0.4678  -3.2223  -0.7797   0.4293   0.0706   0.0197   0.4822
227:    0.4669  -3.2225  -0.7795   0.4283   0.0711   0.0197   0.4824
228:    0.4661  -3.2218  -0.7798   0.4273   0.0714   0.0196   0.4822
229:    0.4664  -3.2224  -0.7796   0.4277   0.0718   0.0195   0.4814
230:    0.4669  -3.2231  -0.7797   0.4272   0.0723   0.0194   0.4804
231:    0.4668  -3.2231  -0.7793   0.4260   0.0725   0.0194   0.4799
232:    0.4664  -3.2231  -0.7791   0.4265   0.0728   0.0193   0.4788
233:    0.4657  -3.2239  -0.7788   0.4292   0.0726   0.0195   0.4788
234:    0.4659  -3.2248  -0.7784   0.4292   0.0721   0.0196   0.4785
235:    0.4665  -3.2251  -0.7784   0.4301   0.0719   0.0195   0.4784
236:    0.4667  -3.2251  -0.7786   0.4296   0.0718   0.0196   0.4788
237:    0.4670  -3.2255  -0.7785   0.4304   0.0716   0.0196   0.4794
238:    0.4672  -3.2253  -0.7786   0.4303   0.0715   0.0197   0.4807
239:    0.4665  -3.2251  -0.7788   0.4301   0.0713   0.0197   0.4806
240:    0.4669  -3.2253  -0.7786   0.4301   0.0714   0.0197   0.4801
241:    0.4684  -3.2263  -0.7782   0.4311   0.0714   0.0198   0.4802
242:    0.4694  -3.2267  -0.7778   0.4311   0.0717   0.0198   0.4809
243:    0.4698  -3.2265  -0.7778   0.4316   0.0720   0.0198   0.4812
244:    0.4689  -3.2261  -0.7775   0.4298   0.0723   0.0197   0.4813
245:    0.4692  -3.2265  -0.7773   0.4291   0.0725   0.0197   0.4818
246:    0.4696  -3.2267  -0.7771   0.4292   0.0724   0.0198   0.4818
247:    0.4693  -3.2272  -0.7768   0.4276   0.0724   0.0198   0.4815
248:    0.4696  -3.2269  -0.7768   0.4275   0.0723   0.0198   0.4810
249:    0.4688  -3.2264  -0.7768   0.4270   0.0719   0.0199   0.4810
250:    0.4690  -3.2258  -0.7769   0.4275   0.0716   0.0198   0.4812
251:    0.4697  -3.2255  -0.7768   0.4287   0.0716   0.0198   0.4811
252:    0.4708  -3.2253  -0.7763   0.4304   0.0714   0.0199   0.4812
253:    0.4713  -3.2251  -0.7761   0.4308   0.0712   0.0198   0.4814
254:    0.4711  -3.2246  -0.7762   0.4314   0.0711   0.0199   0.4811
255:    0.4710  -3.2242  -0.7760   0.4302   0.0710   0.0199   0.4810
256:    0.4708  -3.2244  -0.7761   0.4297   0.0709   0.0199   0.4807
257:    0.4700  -3.2248  -0.7763   0.4290   0.0707   0.0199   0.4809
258:    0.4693  -3.2250  -0.7766   0.4296   0.0707   0.0198   0.4806
259:    0.4687  -3.2249  -0.7767   0.4290   0.0707   0.0198   0.4807
260:    0.4681  -3.2243  -0.7768   0.4281   0.0705   0.0198   0.4808
261:    0.4677  -3.2244  -0.7769   0.4273   0.0706   0.0198   0.4808
262:    0.4676  -3.2242  -0.7770   0.4267   0.0707   0.0198   0.4809
263:    0.4674  -3.2238  -0.7770   0.4265   0.0705   0.0198   0.4812
264:    0.4672  -3.2235  -0.7773   0.4269   0.0704   0.0198   0.4820
265:    0.4668  -3.2231  -0.7774   0.4270   0.0707   0.0197   0.4824
266:    0.4672  -3.2230  -0.7772   0.4283   0.0706   0.0197   0.4823
267:    0.4675  -3.2231  -0.7771   0.4300   0.0706   0.0197   0.4821
268:    0.4678  -3.2232  -0.7771   0.4313   0.0706   0.0197   0.4819
269:    0.4681  -3.2231  -0.7772   0.4313   0.0707   0.0196   0.4814
270:    0.4682  -3.2230  -0.7774   0.4327   0.0708   0.0196   0.4810
271:    0.4683  -3.2228  -0.7776   0.4335   0.0708   0.0195   0.4812
272:    0.4682  -3.2227  -0.7777   0.4339   0.0709   0.0195   0.4814
273:    0.4676  -3.2225  -0.7779   0.4341   0.0712   0.0194   0.4814
274:    0.4677  -3.2222  -0.7778   0.4330   0.0713   0.0194   0.4815
275:    0.4678  -3.2220  -0.7779   0.4325   0.0715   0.0194   0.4812
276:    0.4674  -3.2215  -0.7779   0.4329   0.0715   0.0194   0.4810
277:    0.4669  -3.2213  -0.7779   0.4329   0.0715   0.0194   0.4809
278:    0.4665  -3.2212  -0.7780   0.4334   0.0714   0.0193   0.4811
279:    0.4661  -3.2213  -0.7782   0.4345   0.0712   0.0193   0.4812
280:    0.4657  -3.2210  -0.7783   0.4348   0.0712   0.0193   0.4812
281:    0.4655  -3.2207  -0.7783   0.4354   0.0710   0.0193   0.4812
282:    0.4658  -3.2206  -0.7783   0.4367   0.0710   0.0193   0.4814
283:    0.4658  -3.2204  -0.7783   0.4379   0.0709   0.0193   0.4820
284:    0.4652  -3.2205  -0.7785   0.4383   0.0708   0.0192   0.4819
285:    0.4647  -3.2205  -0.7786   0.4382   0.0709   0.0192   0.4819
286:    0.4644  -3.2204  -0.7788   0.4386   0.0710   0.0192   0.4818
287:    0.4637  -3.2202  -0.7791   0.4391   0.0711   0.0192   0.4816
288:    0.4633  -3.2201  -0.7793   0.4387   0.0712   0.0191   0.4819
289:    0.4628  -3.2200  -0.7795   0.4379   0.0713   0.0191   0.4821
290:    0.4629  -3.2198  -0.7797   0.4378   0.0713   0.0192   0.4822
291:    0.4630  -3.2196  -0.7797   0.4385   0.0715   0.0192   0.4821
292:    0.4630  -3.2195  -0.7798   0.4400   0.0717   0.0191   0.4818
293:    0.4631  -3.2197  -0.7799   0.4408   0.0718   0.0191   0.4818
294:    0.4630  -3.2195  -0.7800   0.4418   0.0719   0.0190   0.4816
295:    0.4626  -3.2196  -0.7802   0.4427   0.0720   0.0190   0.4814
296:    0.4623  -3.2193  -0.7804   0.4424   0.0720   0.0190   0.4818
297:    0.4622  -3.2190  -0.7805   0.4430   0.0720   0.0190   0.4816
298:    0.4619  -3.2190  -0.7806   0.4433   0.0719   0.0190   0.4814
299:    0.4619  -3.2189  -0.7808   0.4439   0.0719   0.0190   0.4812
300:    0.4619  -3.2189  -0.7808   0.4446   0.0719   0.0189   0.4813
301:    0.4620  -3.2189  -0.7810   0.4444   0.0718   0.0189   0.4814
302:    0.4621  -3.2187  -0.7810   0.4443   0.0718   0.0188   0.4814
303:    0.4620  -3.2187  -0.7810   0.4446   0.0718   0.0189   0.4810
304:    0.4619  -3.2185  -0.7811   0.4452   0.0717   0.0189   0.4809
305:    0.4617  -3.2185  -0.7812   0.4454   0.0717   0.0189   0.4809
306:    0.4611  -3.2185  -0.7814   0.4450   0.0718   0.0188   0.4810
307:    0.4609  -3.2185  -0.7815   0.4444   0.0717   0.0188   0.4811
308:    0.4605  -3.2185  -0.7816   0.4447   0.0717   0.0188   0.4813
309:    0.4604  -3.2186  -0.7817   0.4449   0.0716   0.0188   0.4814
310:    0.4608  -3.2186  -0.7818   0.4454   0.0717   0.0188   0.4816
311:    0.4611  -3.2188  -0.7818   0.4457   0.0718   0.0187   0.4814
312:    0.4610  -3.2189  -0.7819   0.4457   0.0720   0.0187   0.4813
313:    0.4606  -3.2191  -0.7820   0.4454   0.0721   0.0186   0.4816
314:    0.4601  -3.2191  -0.7820   0.4448   0.0721   0.0186   0.4817
315:    0.4598  -3.2191  -0.7820   0.4445   0.0720   0.0186   0.4818
316:    0.4596  -3.2190  -0.7820   0.4445   0.0720   0.0186   0.4818
317:    0.4596  -3.2191  -0.7819   0.4437   0.0719   0.0186   0.4821
318:    0.4596  -3.2191  -0.7819   0.4434   0.0718   0.0186   0.4821
319:    0.4599  -3.2192  -0.7817   0.4426   0.0717   0.0186   0.4825
320:    0.4596  -3.2193  -0.7818   0.4424   0.0717   0.0185   0.4827
321:    0.4593  -3.2194  -0.7818   0.4426   0.0715   0.0185   0.4828
322:    0.4591  -3.2195  -0.7819   0.4429   0.0715   0.0185   0.4827
323:    0.4588  -3.2196  -0.7820   0.4429   0.0715   0.0185   0.4825
324:    0.4587  -3.2195  -0.7821   0.4431   0.0715   0.0185   0.4822
325:    0.4588  -3.2192  -0.7822   0.4430   0.0715   0.0185   0.4820
326:    0.4585  -3.2192  -0.7824   0.4431   0.0715   0.0184   0.4819
327:    0.4588  -3.2192  -0.7824   0.4441   0.0713   0.0185   0.4819
328:    0.4589  -3.2192  -0.7824   0.4445   0.0713   0.0185   0.4818
329:    0.4592  -3.2192  -0.7824   0.4448   0.0712   0.0185   0.4817
330:    0.4589  -3.2193  -0.7824   0.4447   0.0712   0.0184   0.4817
331:    0.4588  -3.2191  -0.7825   0.4444   0.0712   0.0184   0.4816
332:    0.4592  -3.2192  -0.7823   0.4442   0.0712   0.0184   0.4817
333:    0.4593  -3.2193  -0.7822   0.4441   0.0713   0.0183   0.4817
334:    0.4593  -3.2194  -0.7822   0.4439   0.0713   0.0183   0.4816
335:    0.4594  -3.2195  -0.7823   0.4442   0.0713   0.0183   0.4816
336:    0.4590  -3.2194  -0.7823   0.4441   0.0714   0.0183   0.4816
337:    0.4587  -3.2189  -0.7824   0.4441   0.0715   0.0183   0.4817
338:    0.4586  -3.2187  -0.7824   0.4440   0.0717   0.0183   0.4817
339:    0.4584  -3.2186  -0.7825   0.4435   0.0716   0.0183   0.4815
340:    0.4583  -3.2187  -0.7826   0.4435   0.0716   0.0182   0.4813
341:    0.4581  -3.2187  -0.7827   0.4435   0.0716   0.0182   0.4813
342:    0.4579  -3.2188  -0.7828   0.4434   0.0716   0.0182   0.4812
343:    0.4577  -3.2187  -0.7828   0.4429   0.0716   0.0182   0.4813
344:    0.4578  -3.2188  -0.7827   0.4428   0.0715   0.0181   0.4814
345:    0.4578  -3.2188  -0.7827   0.4425   0.0714   0.0182   0.4815
346:    0.4577  -3.2187  -0.7828   0.4426   0.0713   0.0181   0.4814
347:    0.4576  -3.2188  -0.7829   0.4426   0.0714   0.0182   0.4815
348:    0.4574  -3.2187  -0.7830   0.4426   0.0713   0.0182   0.4816
349:    0.4572  -3.2189  -0.7830   0.4425   0.0712   0.0182   0.4816
350:    0.4570  -3.2189  -0.7830   0.4423   0.0712   0.0182   0.4815
351:    0.4570  -3.2188  -0.7831   0.4423   0.0712   0.0182   0.4815
352:    0.4568  -3.2187  -0.7832   0.4423   0.0712   0.0182   0.4816
353:    0.4569  -3.2186  -0.7831   0.4426   0.0712   0.0182   0.4815
354:    0.4570  -3.2187  -0.7832   0.4427   0.0712   0.0182   0.4814
355:    0.4573  -3.2188  -0.7831   0.4426   0.0713   0.0182   0.4812
356:    0.4574  -3.2190  -0.7831   0.4421   0.0713   0.0182   0.4814
357:    0.4576  -3.2188  -0.7831   0.4425   0.0713   0.0181   0.4814
358:    0.4575  -3.2187  -0.7831   0.4424   0.0713   0.0181   0.4813
359:    0.4573  -3.2186  -0.7831   0.4423   0.0713   0.0181   0.4812
360:    0.4571  -3.2186  -0.7833   0.4422   0.0714   0.0181   0.4810
361:    0.4570  -3.2185  -0.7833   0.4418   0.0714   0.0181   0.4809
362:    0.4572  -3.2186  -0.7833   0.4415   0.0713   0.0181   0.4806
363:    0.4575  -3.2187  -0.7832   0.4416   0.0713   0.0181   0.4805
364:    0.4578  -3.2188  -0.7831   0.4419   0.0712   0.0181   0.4803
365:    0.4576  -3.2189  -0.7831   0.4418   0.0712   0.0181   0.4803
366:    0.4573  -3.2188  -0.7831   0.4415   0.0712   0.0181   0.4805
367:    0.4573  -3.2188  -0.7831   0.4412   0.0712   0.0181   0.4804
368:    0.4572  -3.2187  -0.7831   0.4415   0.0712   0.0181   0.4802
369:    0.4572  -3.2186  -0.7832   0.4419   0.0711   0.0181   0.4802
370:    0.4571  -3.2185  -0.7833   0.4419   0.0712   0.0181   0.4803
371:    0.4568  -3.2184  -0.7835   0.4422   0.0711   0.0181   0.4802
372:    0.4566  -3.2182  -0.7836   0.4422   0.0711   0.0181   0.4801
373:    0.4561  -3.2181  -0.7837   0.4418   0.0711   0.0181   0.4800
374:    0.4559  -3.2180  -0.7837   0.4414   0.0712   0.0180   0.4799
375:    0.4556  -3.2179  -0.7838   0.4410   0.0712   0.0180   0.4800
376:    0.4554  -3.2179  -0.7838   0.4409   0.0712   0.0180   0.4798
377:    0.4552  -3.2179  -0.7839   0.4408   0.0713   0.0180   0.4798
378:    0.4552  -3.2180  -0.7839   0.4407   0.0713   0.0180   0.4798
379:    0.4550  -3.2182  -0.7839   0.4407   0.0713   0.0180   0.4797
380:    0.4548  -3.2182  -0.7839   0.4406   0.0714   0.0180   0.4797
381:    0.4545  -3.2183  -0.7840   0.4403   0.0713   0.0180   0.4797
382:    0.4542  -3.2182  -0.7841   0.4402   0.0713   0.0180   0.4796
383:    0.4541  -3.2182  -0.7841   0.4400   0.0713   0.0180   0.4795
384:    0.4540  -3.2183  -0.7840   0.4396   0.0713   0.0180   0.4794
385:    0.4541  -3.2184  -0.7840   0.4397   0.0713   0.0180   0.4793
386:    0.4542  -3.2182  -0.7839   0.4398   0.0714   0.0180   0.4793
387:    0.4544  -3.2182  -0.7839   0.4400   0.0714   0.0180   0.4793
388:    0.4545  -3.2183  -0.7838   0.4402   0.0713   0.0180   0.4793
389:    0.4545  -3.2184  -0.7838   0.4403   0.0713   0.0180   0.4794
390:    0.4542  -3.2183  -0.7839   0.4404   0.0713   0.0180   0.4793
391:    0.4543  -3.2183  -0.7840   0.4406   0.0712   0.0180   0.4791
392:    0.4544  -3.2184  -0.7839   0.4409   0.0712   0.0180   0.4791
393:    0.4546  -3.2185  -0.7840   0.4414   0.0712   0.0180   0.4791
394:    0.4547  -3.2185  -0.7840   0.4416   0.0712   0.0180   0.4791
395:    0.4549  -3.2185  -0.7840   0.4415   0.0711   0.0180   0.4791
396:    0.4550  -3.2185  -0.7840   0.4418   0.0711   0.0180   0.4791
397:    0.4549  -3.2185  -0.7840   0.4419   0.0711   0.0180   0.4790
398:    0.4549  -3.2186  -0.7841   0.4420   0.0711   0.0180   0.4790
399:    0.4549  -3.2185  -0.7841   0.4423   0.0711   0.0181   0.4790
400:    0.4549  -3.2185  -0.7840   0.4422   0.0710   0.0181   0.4790
401:    0.4547  -3.2183  -0.7841   0.4421   0.0710   0.0181   0.4792
402:    0.4547  -3.2181  -0.7841   0.4419   0.0710   0.0180   0.4792
403:    0.4550  -3.2181  -0.7842   0.4420   0.0711   0.0180   0.4792
404:    0.4550  -3.2181  -0.7842   0.4423   0.0711   0.0180   0.4791
405:    0.4549  -3.2181  -0.7843   0.4429   0.0711   0.0180   0.4792
406:    0.4549  -3.2180  -0.7843   0.4431   0.0711   0.0180   0.4793
407:    0.4549  -3.2179  -0.7843   0.4434   0.0711   0.0180   0.4793
408:    0.4551  -3.2178  -0.7843   0.4435   0.0711   0.0180   0.4794
409:    0.4550  -3.2178  -0.7843   0.4435   0.0711   0.0180   0.4794
410:    0.4549  -3.2177  -0.7844   0.4432   0.0711   0.0180   0.4795
411:    0.4549  -3.2178  -0.7844   0.4432   0.0712   0.0180   0.4794
412:    0.4550  -3.2178  -0.7844   0.4427   0.0712   0.0180   0.4796
413:    0.4548  -3.2177  -0.7844   0.4421   0.0712   0.0180   0.4797
414:    0.4546  -3.2177  -0.7844   0.4423   0.0712   0.0180   0.4797
415:    0.4546  -3.2176  -0.7845   0.4423   0.0712   0.0180   0.4796
416:    0.4545  -3.2176  -0.7845   0.4421   0.0712   0.0180   0.4797
417:    0.4546  -3.2176  -0.7845   0.4423   0.0713   0.0180   0.4795
418:    0.4545  -3.2176  -0.7845   0.4422   0.0713   0.0180   0.4795
419:    0.4545  -3.2176  -0.7845   0.4422   0.0713   0.0180   0.4795
420:    0.4546  -3.2176  -0.7844   0.4421   0.0714   0.0180   0.4793
421:    0.4546  -3.2176  -0.7844   0.4422   0.0714   0.0180   0.4792
422:    0.4547  -3.2177  -0.7844   0.4425   0.0715   0.0180   0.4791
423:    0.4546  -3.2177  -0.7845   0.4427   0.0715   0.0180   0.4790
424:    0.4544  -3.2176  -0.7846   0.4429   0.0716   0.0180   0.4790
425:    0.4544  -3.2175  -0.7847   0.4432   0.0716   0.0180   0.4789
426:    0.4544  -3.2174  -0.7847   0.4434   0.0716   0.0180   0.4789
427:    0.4544  -3.2173  -0.7847   0.4435   0.0717   0.0180   0.4788
428:    0.4544  -3.2172  -0.7847   0.4432   0.0717   0.0180   0.4787
429:    0.4545  -3.2172  -0.7847   0.4430   0.0717   0.0180   0.4787
430:    0.4544  -3.2172  -0.7847   0.4427   0.0717   0.0180   0.4787
431:    0.4542  -3.2172  -0.7848   0.4425   0.0717   0.0180   0.4785
432:    0.4539  -3.2171  -0.7848   0.4426   0.0716   0.0180   0.4784
433:    0.4538  -3.2170  -0.7849   0.4427   0.0717   0.0180   0.4783
434:    0.4535  -3.2170  -0.7849   0.4426   0.0717   0.0180   0.4782
435:    0.4535  -3.2170  -0.7849   0.4426   0.0717   0.0180   0.4781
436:    0.4534  -3.2170  -0.7849   0.4425   0.0718   0.0180   0.4781
437:    0.4534  -3.2169  -0.7850   0.4425   0.0718   0.0180   0.4781
438:    0.4532  -3.2168  -0.7850   0.4423   0.0718   0.0180   0.4782
439:    0.4532  -3.2166  -0.7851   0.4423   0.0718   0.0180   0.4782
440:    0.4532  -3.2166  -0.7851   0.4420   0.0718   0.0180   0.4782
441:    0.4533  -3.2166  -0.7850   0.4418   0.0718   0.0180   0.4782
442:    0.4535  -3.2165  -0.7850   0.4418   0.0718   0.0180   0.4781
443:    0.4537  -3.2164  -0.7850   0.4419   0.0718   0.0180   0.4781
444:    0.4537  -3.2163  -0.7851   0.4419   0.0718   0.0179   0.4781
445:    0.4537  -3.2162  -0.7851   0.4422   0.0719   0.0179   0.4782
446:    0.4535  -3.2162  -0.7852   0.4425   0.0719   0.0179   0.4782
447:    0.4537  -3.2161  -0.7852   0.4426   0.0719   0.0179   0.4782
448:    0.4537  -3.2161  -0.7852   0.4424   0.0719   0.0179   0.4781
449:    0.4537  -3.2160  -0.7851   0.4421   0.0719   0.0179   0.4781
450:    0.4537  -3.2160  -0.7851   0.4420   0.0719   0.0179   0.4781
451:    0.4538  -3.2160  -0.7851   0.4422   0.0719   0.0179   0.4781
452:    0.4537  -3.2159  -0.7851   0.4423   0.0719   0.0179   0.4781
453:    0.4536  -3.2159  -0.7852   0.4422   0.0719   0.0179   0.4780
454:    0.4534  -3.2158  -0.7853   0.4422   0.0719   0.0179   0.4779
455:    0.4532  -3.2158  -0.7854   0.4423   0.0719   0.0179   0.4779
456:    0.4531  -3.2158  -0.7854   0.4423   0.0719   0.0179   0.4779
457:    0.4531  -3.2158  -0.7854   0.4424   0.0719   0.0179   0.4779
458:    0.4531  -3.2157  -0.7854   0.4426   0.0718   0.0179   0.4779
459:    0.4529  -3.2156  -0.7854   0.4425   0.0717   0.0179   0.4779
460:    0.4527  -3.2155  -0.7855   0.4424   0.0717   0.0179   0.4779
461:    0.4526  -3.2155  -0.7855   0.4422   0.0716   0.0179   0.4779
462:    0.4526  -3.2154  -0.7855   0.4420   0.0716   0.0179   0.4779
463:    0.4527  -3.2154  -0.7854   0.4418   0.0715   0.0180   0.4779
464:    0.4529  -3.2154  -0.7854   0.4416   0.0715   0.0180   0.4779
465:    0.4529  -3.2155  -0.7854   0.4414   0.0714   0.0179   0.4779
466:    0.4529  -3.2155  -0.7854   0.4410   0.0714   0.0180   0.4779
467:    0.4527  -3.2155  -0.7854   0.4407   0.0714   0.0179   0.4777
468:    0.4527  -3.2155  -0.7854   0.4405   0.0714   0.0179   0.4777
469:    0.4528  -3.2154  -0.7853   0.4407   0.0714   0.0180   0.4776
470:    0.4528  -3.2154  -0.7853   0.4408   0.0715   0.0179   0.4777
471:    0.4528  -3.2154  -0.7853   0.4407   0.0715   0.0179   0.4778
472:    0.4528  -3.2154  -0.7853   0.4407   0.0715   0.0179   0.4778
473:    0.4528  -3.2155  -0.7852   0.4404   0.0715   0.0179   0.4778
474:    0.4529  -3.2155  -0.7852   0.4402   0.0714   0.0180   0.4778
475:    0.4531  -3.2154  -0.7852   0.4401   0.0714   0.0180   0.4779
476:    0.4532  -3.2155  -0.7851   0.4403   0.0714   0.0179   0.4779
477:    0.4531  -3.2156  -0.7851   0.4403   0.0714   0.0179   0.4779
478:    0.4531  -3.2155  -0.7851   0.4402   0.0714   0.0179   0.4779
479:    0.4533  -3.2155  -0.7851   0.4402   0.0714   0.0179   0.4780
480:    0.4532  -3.2155  -0.7851   0.4400   0.0715   0.0179   0.4780
481:    0.4531  -3.2154  -0.7851   0.4398   0.0715   0.0179   0.4781
482:    0.4531  -3.2154  -0.7851   0.4398   0.0714   0.0179   0.4780
483:    0.4531  -3.2154  -0.7852   0.4400   0.0714   0.0179   0.4780
484:    0.4531  -3.2155  -0.7851   0.4402   0.0714   0.0179   0.4779
485:    0.4533  -3.2155  -0.7851   0.4405   0.0714   0.0179   0.4779
486:    0.4534  -3.2154  -0.7851   0.4403   0.0714   0.0179   0.4779
487:    0.4538  -3.2154  -0.7849   0.4403   0.0714   0.0179   0.4779
488:    0.4538  -3.2154  -0.7849   0.4403   0.0714   0.0179   0.4778
489:    0.4540  -3.2155  -0.7849   0.4404   0.0714   0.0179   0.4777
490:    0.4542  -3.2155  -0.7848   0.4408   0.0714   0.0179   0.4776
491:    0.4542  -3.2154  -0.7848   0.4408   0.0714   0.0179   0.4775
492:    0.4543  -3.2154  -0.7848   0.4408   0.0714   0.0179   0.4775
493:    0.4543  -3.2154  -0.7847   0.4407   0.0714   0.0179   0.4775
494:    0.4545  -3.2154  -0.7847   0.4405   0.0714   0.0180   0.4774
495:    0.4547  -3.2155  -0.7846   0.4405   0.0714   0.0180   0.4774
496:    0.4549  -3.2155  -0.7847   0.4405   0.0714   0.0180   0.4774
497:    0.4549  -3.2154  -0.7847   0.4407   0.0713   0.0180   0.4775
498:    0.4547  -3.2154  -0.7847   0.4407   0.0713   0.0180   0.4775
499:    0.4547  -3.2153  -0.7848   0.4411   0.0713   0.0180   0.4775
500:    0.4546  -3.2153  -0.7848   0.4413   0.0713   0.0180   0.4774
Using sympy via SnakeCharmR
## Calculate ETA-based prediction and error derivatives:
Calculate Jacobian...................done.
Calculate sensitivities.......
done.
## Calculate d(f)/d(eta) 
## ...
## done
## ...
## done
The model-based sensitivities have been calculated.
Calculating residuals/tables
done.
